account_id,balance,payments,purchase,median
4,4195.17,81785.46,110482.76,4195.17
5,4529.38,127837.27,146518.91,4529.38
124,3023.8,110513.02,83203.62,3023.8
125,5109.79,94626.99,135837.53,5109.79
244,4301.5,160658.05,122294.61,4301.5
245,2538.65,104536.52,124539.9,2538.6499999999996
364,3899.35,106751.23,119463.04,3899.35
365,4786.32,103870.16,145184.01,4786.3150000000005
396,4876.59,103447.54,161923.17,4876.59
1,3837.48,98188.4,106266.04,3837.4750000000004
447,4661.49,130462.94,133828.92,4661.49
464,2429.98,104152.21,85180.14,2429.98
2,5609.73,122755.55,142349.18,5609.725
3,5160.32,103366.94,111496.5,5160.32
481,5560.36,119067.04,148613.8,5560.360000000001
6,4380.18,134488.86,134466.64,4380.18
7,3167.01,140821.53,120415.41,3167.01
482,4731.98,141827,113947.09,4731.98
8,5099.23,144986.73,147462.02,5099.23
9,3790,150363.56,106557.5,3790
483,4173.7,101621.65,122816.01,4173.695
10,2838.87,127782.01,107805.06,2838.87
484,4587.16,91902.8,142282.53,4587.16
11,2560.38,148707.13,96443.22,2560.375
485,4970.96,131432.08,144738.91,4970.955
12,4163.5,163166.38,122998.34,4163.495
13,5204.67,149499.58,130216.56,5204.67
14,3977.87,127851.42,133527.65,3977.87
15,2881.5,137437.72,98141.66,2881.5
16,3199.13,102773.23,112646.19,3199.13
17,4333.87,87874.6,116904.36,4333.87
18,3290.31,147977.53,146224.89,3290.31
19,3908.01,129595.81,129263.39,3908.005
20,3715.3,79525.46,124338.43,3715.3
21,2918.64,86769.98,90248.57,2918.635
22,5450.28,133824.57,130303.84,5450.275
23,3546.09,151787.32,120433.36,3546.09
24,3761.74,152302.34,105649.23,3761.7349999999997
36,5157.13,141145.74,131952.14,5157.13
53,4525.96,124893.58,121004.69,4525.96
70,4203.07,105228.37,124022.58,4203.07
87,4033.44,130773.18,107275.62,4033.44
104,5924.99,114369.52,142290.81,5924.99
121,4964.45,118783.11,134722.33,4964.45
122,3356.95,111489.44,116949.54,3356.945
123,4450.41,135167.38,123102.76,4450.41
139,3634.3,131823.93,135038.1,3634.3
156,4524.23,118715.1,105875.92,4524.225
173,2585.45,103608.08,95648.75,2585.45
190,3620.48,105261.23,113398.22,3620.48
207,3557.15,152209.01,110498.76,3557.15
224,4368.94,163608.83,108029.15,4368.9349999999995
241,5354.28,132272.32,132937.64,5354.275
242,2961.44,112884.01,112418.85,2961.4350000000004
243,4621.44,142249.16,155219.92,4621.44
259,4340.78,175981.36,127676.71,4340.775
276,4831.07,112805.01,130211.82,4831.07
293,2924.93,124299.05,110257.47,2924.925
310,5241.29,149162.62,131558.79,5241.29
25,3975.12,137443.1,140811.98,3975.12
26,4923.05,140452.84,133263.44,4923.049999999999
27,4155.47,130163.2,118926.3,4155.47
28,4589.9,136198.33,123171.77,4589.895
29,4424.15,165508.96,143176.3,4424.15
30,2568.07,144769.01,92146.19,2568.07
31,4055.19,137232.08,151722.61,4055.185
32,3482.8,125775.13,106786.48,3482.795
33,4367.35,115373.56,136513.09,4367.344999999999
34,5136.2,121433.97,134864.4,5136.2
35,4874.14,147167.48,118593.43,4874.139999999999
37,3384.46,97624,104088.26,3384.46
38,3627.95,129752.41,104507.65,3627.945
39,4263.35,116316.25,139575.36,4263.35
40,4438.67,132930.34,119205.4,4438.665
41,4240.49,100178.88,130258.17,4240.485000000001
42,3938.48,126128.6,114891.4,3938.48
43,3842.47,113923.07,106105.16,3842.47
44,2902.58,120931.82,107799.85,2902.58
76,3243.04,111638.92,107691.34,3243.035
77,4101.37,118553.58,126089.43,4101.37
78,3246.18,97356,103215.61,3246.1800000000003
79,5644.51,86911.21,145520.75,5644.51
80,4551.93,111751.96,113571.48,4551.93
81,3636.96,106256.44,118002.45,3636.96
82,4972.04,83920.67,138660.48,4972.04
83,5951.59,147245.16,156581.06,5951.59
84,4801.16,116682.4,145995.92,4801.16
85,3324.8,112396.55,105106.69,3324.8
86,3112.22,127032.47,96359.31,3112.215
88,5124.52,127804.32,132904.46,5124.52
89,3815.56,98928.27,122797.48,3815.555
90,3193.03,146090.61,102735.99,3193.0249999999996
91,6199.79,126451.61,193007.74,6199.785
92,4520.38,117682.2,131626.99,4520.38
93,2316.35,188677.04,84208.11,2316.35
94,4624.07,151073.37,120337.66,4624.065
95,3421.86,109176.36,106155.63,3421.86
96,3322.62,117181.86,100594.66,3322.62
97,4387.51,147209.23,148839.51,4387.505
98,2769.15,132438.48,110001.56,2769.15
99,3610.27,118529.24,112927.1,3610.27
100,3107.91,86629.91,127022.37,3107.91
101,5170.69,124044.47,134829.83,5170.69
102,4920.67,109182.92,125515.29,4920.67
45,5190.01,142816.53,133306.03,5190.01
46,3613.52,125228.84,108202.75,3613.5199999999995
47,4130.58,102107.26,105277.62,4130.58
48,4683.29,97080.68,137469.03,4683.285
49,4060.62,131819.65,109764.65,4060.62
50,6166.96,115502.46,154117.96,6166.96
51,2656.04,118128.2,89710.75,2656.04
52,3743.2,118475.21,142161.48,3743.1949999999997
54,6201.01,130886.98,148851.55,6201.004999999999
55,3599.59,136381.84,114916.23,3599.59
56,4868.23,124197.12,129284.29,4868.23
57,2483.2,118673.97,117144.7,2483.2
58,2683.26,108974.18,81805.01,2683.26
59,4116.02,110228.37,131502.36,4116.02
60,4072.58,146921.79,122184.23,4072.58
61,5527.59,109109.98,141057.8,5527.59
62,4399.07,92745.91,109427.38,4399.07
63,2164.21,129296.96,73108.35,2164.21
64,5791.16,171764.5,148023.89,5791.155000000001
65,3313.38,114644.67,109239.73,3313.38
66,3773.28,168530.81,110390.55,3773.28
67,4800.63,159231.57,125183.57,4800.63
68,3573.55,126704.72,108149.74,3573.55
69,1871.51,128618.95,87312.3,1871.51
71,3470.89,110709.25,107653.7,3470.89
72,2963.79,110952.36,86606.8,2963.79
73,3840.51,118185.5,112316.44,3840.51
146,3311.95,99297.6,104356.32,3311.95
278,4644.8,127009.11,140545.88,4644.8
327,5537.93,145454.36,121613.7,5537.93
344,4598.21,153482.13,117961,4598.21
362,1916.78,106306.39,85937.52,1916.7800000000002
363,2176.82,103290.63,131637.36,2176.82
379,4693.44,114488.43,142461.13,4693.44
74,5156.96,172570.52,138295.87,5156.96
75,4816.46,124781.9,123688.05,4816.455
103,2676.79,138822.54,90933.72,2676.79
105,4332.15,129540.29,129263.47,4332.145
106,3150.24,93261.82,121796.3,3150.24
107,4653.04,119094.81,102892.06,4653.04
145,5969.31,114256.14,164109.77,5969.31
108,3751.23,110715.86,121236.78,3751.2249999999995
109,3924.42,137533.34,133916.3,3924.415
110,5676.77,139356.65,136938.52,5676.77
111,4229.76,132486.72,124549.22,4229.76
112,4692.99,91598.65,134521.85,4692.985000000001
113,6070.37,101957.25,161477.35,6070.37
114,5926.76,112673.82,133270.59,5926.76
115,5144,137059.15,149608.13,5144
116,3031.31,118405.48,113938.95,3031.31
117,4167.42,107204.38,130307.82,4167.42
118,4588.83,112827.42,135306.75,4588.825000000001
119,3599.34,109763.46,113491.13,3599.34
120,4957.7,180607.03,127478.77,4957.695
126,2961.97,99030.9,97799.24,2961.97
127,3426.78,132136.47,139037.07,3426.78
128,3157.04,112331.99,88784.23,3157.04
129,2130.36,157657.38,115109.93,2130.36
130,2302.52,147528.38,111578.35,2302.52
131,4176.69,119159.06,119114.29,4176.69
132,5149.48,152678.15,164092.44,5149.48
133,3548.88,134859.63,116221.33,3548.875
134,3505.93,146277.99,90509.91,3505.93
135,3865.73,128023.33,103671.07,3865.7250000000004
136,3114.01,106008.23,91084.49,3114.01
137,4565.83,98672.54,114990.29,4565.83
138,4859.59,109983.67,138985.83,4859.59
140,2867.19,102219.22,113337.78,2867.19
141,4655.46,78385.83,131400.7,4655.455
142,5586.85,98205.15,140778.35,5586.844999999999
143,4264.71,97848.27,121237.09,4264.705
144,2723.04,113916.65,112768.6,2723.04
147,4496.44,81996.45,127254.92,4496.4349999999995
149,5035.4,135569.87,129185.17,5035.395
150,4392.23,124830.09,113715.14,4392.23
151,5136.36,91388.2,138358.16,5136.36
152,5063.57,102927.92,123800.53,5063.5650000000005
153,3854.71,110492.62,123041.81,3854.705
154,4397.63,136548.56,126818.27,4397.625
155,4879.8,117219.14,120624.31,4879.795
157,3148.04,138385.92,91741.5,3148.04
158,4214.9,106789.44,126900.24,4214.895
159,4268.27,110299.62,108953.96,4268.27
160,3301.7,119699.8,106696.8,3301.7
161,5145.66,135803.05,143351.79,5145.66
162,4313.91,132209.12,112994.58,4313.905000000001
163,2973.97,116712.1,97821.73,2973.9700000000003
164,4157.14,125965.94,115932.43,4157.14
165,2384.58,143406.12,129073.31,2384.58
167,5432.08,101266.2,133603.46,5432.08
168,3916.86,116759.81,111548.37,3916.86
169,2799.73,125526.66,117653.01,2799.7250000000004
170,4158.51,164411.84,125849.91,4158.51
171,3935.32,124267.09,137736.05,3935.32
172,6313.03,149328.18,150427.18,6313.025
174,5810,125730.45,140694.21,5810
175,5020.36,116110.84,150608.06,5020.36
176,5492.2,202776.55,151535.99,5492.200000000001
177,6793.77,106590.91,150477.31,6793.764999999999
178,5194.79,168670.21,144746.59,5194.79
179,4540.16,158280.44,140776.56,4540.16
180,4400.14,107441.92,113039.97,4400.135
181,5331.77,151034.02,136826.96,5331.77
182,5364.03,109063.1,141269.81,5364.03
183,4718.86,133259.42,134488.07,4718.86
185,4181.02,95907.93,139108.2,4181.015
186,4166.68,95494.37,127591.08,4166.68
187,3635.01,103375.58,118220.66,3635.005
188,3212.26,103263.22,126814.52,3212.26
189,2491.98,105651.3,149989.89,2491.98
191,4847.99,105571.8,166810.09,4847.99
192,4900.83,121216.39,117635.54,4900.83
193,3340.43,136209.78,126812.65,3340.4300000000003
194,3780.49,145805.08,122273.46,3780.4849999999997
195,4097.42,101769.89,123765.18,4097.42
196,3857.4,134270.35,118751.38,3857.4
197,2987.37,74891.96,128056.54,2987.37
198,3621.23,128136.91,141276.15,3621.23
199,4507.97,114358.96,135206.28,4507.97
200,7317.7,178111.25,174939.4,7317.7
201,3454.07,127521.23,113403.6,3454.0699999999997
203,3728.8,136670.46,113347.93,3728.8
204,3273.6,126021.63,117129.77,3273.6
205,6567.25,121087.47,167300.15,6567.25
206,2440.98,128783.81,85419.27,2440.98
208,3562.72,127582.4,121590.93,3562.72
209,3116.43,130678.27,103858.95,3116.43
210,3659.18,114236.84,103914.44,3659.18
211,3738.41,159539.06,104874,3738.41
212,2579.57,139747.81,94893.91,2579.565
213,5765.19,99526.26,139782.13,5765.19
214,4516.86,116585.31,136438.21,4516.86
215,5298.55,101983.53,139423.57,5298.55
216,4280.6,195117.58,124746.06,4280.6
217,4148.27,129403.95,125766.79,4148.27
218,4479.76,101318.75,147236.23,4479.76
219,3768.21,98258.15,109945.7,3768.205
221,3320.28,131839.29,121882.67,3320.2799999999997
222,5251.84,110754.71,139831.2,5251.84
223,3009.17,108348,119587.81,3009.17
225,4532.14,116843.79,139970.48,4532.14
226,3347.2,114399.5,110220.78,3347.2
227,2865.02,146376.3,112871.41,2865.02
228,4147.51,95610.01,117047.06,4147.51
229,2518.54,136576.62,122596.87,2518.54
230,3666.34,146520.54,110589.14,3666.34
231,4448,124428.65,121002.25,4447.995
232,3640.01,157617.34,127591.67,3640.005
233,4364.31,106896.47,150776.52,4364.31
234,3682,130028.91,92510.41,3682
235,2704.23,86762.65,85543.32,2704.225
236,1502.26,145442.76,79632.45,1502.26
237,4176.6,120524.03,103787.06,4176.6
239,2313.91,136386.01,94979.65,2313.91
240,4854.82,109271.9,121249.4,4854.82
246,3960.73,155994.64,129043.68,3960.7299999999996
247,7042.37,119816.64,147965.36,7042.37
248,3875.58,125776,142661.63,3875.58
249,3649.93,103268.97,131747.57,3649.925
250,5246.81,77894.05,144308.12,5246.81
251,4748.18,128827.16,134717.21,4748.18
252,5549.92,104706.59,141527.15,5549.92
253,4508.01,139440.38,128892.83,4508.005
254,5365.13,116155.19,161823.45,5365.13
255,3551.8,125857.71,125016.79,3551.8
256,3679.04,138222.56,116104.9,3679.04
257,5427.04,139688.08,157044.93,5427.04
258,4894.86,151794.19,142840.57,4894.860000000001
260,4789.59,131183.12,106567.21,4789.59
262,5109.6,114203.99,157839.93,5109.6
263,3548.21,123893.08,99923.91,3548.21
264,4062.23,75682.29,124959.48,4062.23
265,2926.07,109467.95,92359.43,2926.07
266,3976.61,123213.23,149887.41,3976.61
267,3488.6,123062.2,112966.82,3488.6
268,5077.66,131594.65,138054.37,5077.66
269,5078.23,117054.46,123768.07,5078.23
270,4711.81,128054.99,163083.41,4711.81
271,4815.99,156194.11,136260.36,4815.99
272,4635.75,144113.91,128636.63,4635.75
273,3950.67,116167.44,124264.99,3950.67
274,6613.77,156397.74,149003.37,6613.77
275,3323.42,123582.97,127802.73,3323.42
279,3893.27,109189.83,106682.32,3893.27
281,4769.79,125987.44,139670.61,4769.79
282,5051.95,123339.08,137056.47,5051.950000000001
283,5421.71,124220.38,140908.74,5421.705
284,2756.83,143237.74,110637.16,2756.825
285,2950.55,154017.16,118145.12,2950.55
286,6897.62,103121.1,162022.14,6897.62
287,4006.29,119053.34,153795.18,4006.29
288,5011.55,114419.49,144890.73,5011.55
289,3596.34,134480.6,121686.66,3596.335
290,3413.29,135932.98,113074.34,3413.285
291,4520.75,103185.98,148412.87,4520.75
292,4267.71,139407.3,120996.19,4267.709999999999
294,6636.62,92240.77,138230.04,6636.615
295,3909.18,83739.33,107344.42,3909.175
296,2271.77,129908.06,88139.47,2271.77
297,5992.59,225372.11,176703.63,5992.585
299,4172.74,136312.77,158470.33,4172.74
300,3829.78,134721.54,123205.81,3829.78
301,4419.73,127030.57,137726.45,4419.73
302,3706.62,151156.17,100515.85,3706.62
303,4231.48,140155.51,123050.67,4231.48
304,3429.4,115180.1,111089.96,3429.4
305,5226.97,120060.98,146192.18,5226.97
306,3360.48,99655.95,114504.89,3360.48
307,4253.36,129991.23,115012.03,4253.36
308,3406.13,78877.42,105980.47,3406.13
309,4803.33,143660.64,131312.21,4803.33
311,4393.14,125076.65,160910.86,4393.135
312,4420.91,134290.69,117636.29,4420.91
313,3024.98,176963.46,114016.26,3024.98
314,6148.58,132803.51,158752.08,6148.58
315,5275.71,106449.35,107198.2,5275.705
317,3107.84,102590.57,104604.41,3107.84
318,4009.78,137411.37,128116.26,4009.78
319,4913.01,149463.05,122767.65,4913.01
320,3844.88,80533.69,128583.78,3844.88
321,2749.99,190646.67,92898.62,2749.99
322,2842.78,104085.05,91453.35,2842.775
323,3425.04,127383.84,113221.26,3425.04
324,3367.83,117067.04,114363.25,3367.825
325,5858.48,130500.88,127389.4,5858.48
326,4654.57,141373.59,130935.27,4654.57
328,3636.7,125347.46,105454.24,3636.6949999999997
329,5743.49,104235.55,155458.49,5743.49
330,5207.49,95435.5,140002.89,5207.49
331,4369.32,139355.83,112353.96,4369.32
332,3571.19,114882.01,142803.08,3571.19
333,3967.12,140303.63,104147.72,3967.12
335,3453.1,136754.94,119805.47,3453.0950000000003
336,4133.38,156041.51,121783.48,4133.38
337,5166.36,150402.48,135363.51,5166.360000000001
338,2873.84,138588.48,92819.39,2873.84
339,5182.16,143341,120890.61,5182.16
340,4211.33,97724.78,131132.24,4211.325
341,4528.94,96244.1,125155.73,4528.9400000000005
342,3311.2,98039.29,106632.2,3311.1949999999997
343,4287.27,142764.71,154837.93,4287.264999999999
345,3909.32,134259.56,130812.18,3909.3199999999997
346,4583.29,142932.08,114905.68,4583.29
347,4274.03,148021.91,119165.83,4274.03
348,5158.62,126149.7,107230.43,5158.62
349,5762.2,135002.38,135187.54,5762.2
350,4175.69,88011.46,135930.35,4175.69
351,4419.1,150571.08,133330.17,4419.1
353,3754.38,111692.69,127534.6,3754.38
354,4201.35,191339.39,120002.03,4201.35
355,3099.12,139577.14,100555.55,3099.115
356,4756.48,120075.89,151885.53,4756.48
357,4307.81,111411.73,105929.43,4307.8099999999995
358,5315.71,92834.33,116955.39,5315.71
359,5058.96,108073.67,146140.12,5058.96
360,4472.16,167912.52,126673.06,4472.16
366,5713.48,113197.65,151104.09,5713.475
367,4350.43,152580.5,132545.8,4350.43
368,4489.03,153642.33,133190.37,4489.030000000001
369,5662.01,85097.68,144628.66,5662.01
370,5231.89,148924.32,139039.2,5231.89
371,4429.49,92339.99,132881.36,4429.49
372,4884.24,115404.15,141797.32,4884.24
373,5929.06,99744.28,137674.09,5929.0599999999995
375,5486.16,151413.36,138060.27,5486.16
376,3960.46,113416.64,114061.91,3960.46
377,4348.37,109672.84,118324.74,4348.37
378,3472.89,129097.83,91059.43,3472.885
380,2244.08,160532.49,86004.89,2244.08
381,4631.96,183103.78,127111.55,4631.96
382,4813.59,104084.88,137199.93,4813.59
383,6928.99,77703.58,162589.43,6928.99
384,5577.98,136355.53,143385.75,5577.98
385,5916.6,112426,153378.35,5916.6
386,6296.67,160193.64,131703.17,6296.67
387,1482.76,81445.29,80218.03,1482.76
388,5721.72,122558.52,149741.04,5721.715
389,4016.73,102420.11,162601.05,4016.73
390,3810.43,116993.14,136957.2,3810.43
391,4784.64,150116.09,113197.82,4784.64
393,4920.41,141318.66,128234.75,4920.41
394,5297.13,162967.53,130125.75,5297.13
395,4339.33,112466,105506.48,4339.33
397,5157.09,146410.14,136291.89,5157.09
398,4581.92,100193.4,127846.47,4581.92
399,5020.79,147528.29,147056.66,5020.79
400,4253.36,130028.02,127784.73,4253.355
401,4222.16,151959.14,118578.77,4222.16
402,3740.57,111465.61,109987.9,3740.5699999999997
403,3584.42,89074.25,99053.59,3584.42
404,5408.98,112194.08,144118.53,5408.98
405,4981.29,120435.8,179824.06,4981.29
406,3706.31,107130.4,123184.91,3706.31
407,7376.04,135322.28,164204.8,7376.035
148,5512.21,91858.46,156355.75,5512.205
166,4630.52,160250.46,135977.54,4630.52
184,5132.38,112817.21,136411.53,5132.38
202,4311.91,136117.11,108910.58,4311.905000000001
220,5423.96,128865.87,156076.29,5423.96
238,5822.97,128304.74,155554.31,5822.97
261,3269.39,172924.73,101227,3269.39
277,6016.5,167020.78,149263.29,6016.5
280,4337.34,126878.51,134483.84,4337.335
298,5461.13,74775.44,168881.08,5461.13
316,2340.23,122472.36,100732.23,2340.23
334,5174.53,206906.77,152327.93,5174.53
352,4032.54,164327.51,130999.77,4032.54
361,3107.03,140759.18,103857.06,3107.03
374,4270.99,164177,156552.18,4270.99
392,4097.18,117211.5,122306.42,4097.18
408,2669.43,105383.12,86660.75,2669.4300000000003
409,6384.42,92935.11,144859.19,6384.42
410,5149.03,95711.75,140551.52,5149.030000000001
411,3059.84,99583.6,91122.12,3059.835
412,6845.52,93903,160761.42,6845.52
413,5879.2,109870.03,127995.02,5879.2
414,5416.64,111964.32,128367.1,5416.64
415,4911.49,129975.37,172323.02,4911.49
416,5930.47,111448.91,138370.82,5930.465
417,4551.24,140184.99,111987.42,4551.24
418,5431.57,129628.87,127315.51,5431.57
419,6571.34,144311.68,142813.06,6571.34
420,2880.77,103024.33,127326.13,2880.77
421,995.27,146678.86,85651.77,995.27
422,3047.85,118816.25,117042.77,3047.8500000000004
423,5946.19,107722.67,173512.24,5946.19
424,4982.53,163044.37,136752.88,4982.53
425,5820.85,123204.33,160536.76,5820.85
426,3423.42,127105.7,117592.93,3423.42
427,4530.27,105142.09,117900.5,4530.265
428,3643.69,126539.05,118954.71,3643.69
429,2675.21,146966.08,93226.73,2675.21
430,3843.75,108051.96,108029.43,3843.75
431,3459.54,131647.99,108591.05,3459.54
432,5551.51,117040.01,129451.12,5551.505
433,4218.71,118005.32,101457.42,4218.71
434,5286.74,152786.39,135055.95,5286.74
435,3552.61,130877.15,103212.95,3552.61
436,5246.85,142713.91,177838.45,5246.85
437,2153.22,126894.29,93937.24,2153.22
438,4885.17,152421.6,136798.07,4885.165
439,4616.6,116807.91,144713.25,4616.6
440,3088.06,112822.12,86825.81,3088.0550000000003
441,3860.69,116241.66,137713.25,3860.685
442,3788.42,118505.01,122545.73,3788.415
443,4421.28,117198.37,111083.38,4421.28
444,2658.31,109450.93,93936.31,2658.3050000000003
445,6543.67,117637.99,167838.17,6543.665
446,6207.88,171440.15,143531.39,6207.875
448,5284.84,90926.12,125978.15,5284.84
449,4577.93,131092.23,119143.53,4577.93
450,3719.78,117689.55,113319.35,3719.7749999999996
451,6108.02,128562.43,138077.37,6108.02
452,6659.47,136421.41,151254.63,6659.469999999999
453,4149.1,105062.04,95745.99,4149.1
454,3905.73,129406.57,125768.23,3905.7299999999996
455,4058.71,121567.46,124206.31,4058.71
456,5376.5,95735.18,135590.98,5376.5
457,3944.6,77364.08,117479.84,3944.6
458,6355.62,113807.45,160444.98,6355.62
459,5923.06,106430.68,178759.03,5923.0599999999995
460,3771.38,106767.06,162755.72,3771.38
461,2927.43,136162.18,107447.82,2927.425
462,4637.17,150226.25,106215.73,4637.17
463,5624.7,106904.22,173371.43,5624.695
465,5960.24,135410.42,136082.44,5960.24
466,3379.11,123357.63,112702,3379.11
467,2772.1,124022.15,108896.26,2772.1
468,4635.71,113404.87,149281.87,4635.71
469,3696.35,142001.21,109184.13,3696.345
470,6458.34,113560.85,155610.55,6458.34
471,3365.3,111558.9,92221.1,3365.3
472,4210.85,127692.18,113842.33,4210.85
473,6656.89,101925.78,161233.37,6656.89
474,4814.28,114244,130590.19,4814.28
475,4529.12,91588.63,127594.06,4529.115
476,3395.39,133315.77,133040.43,3395.385
477,4554.37,122940.84,139653.31,4554.37
478,5249.04,142450.83,128674.78,5249.04
479,2727.28,137092.62,111894.1,2727.28
480,4572.93,131259.46,140627.76,4572.93
486,3402.09,120156.45,114046.21,3402.09
487,4246.59,71690.36,154640.8,4246.59
488,4609.92,163805.9,131991.95,4609.92
489,3681.14,116009.37,96790.33,3681.14
490,3550.47,168995.59,99564.69,3550.47
491,5559.04,102383.52,141366.14,5559.04
492,3307.33,151820.75,116197.19,3307.33
493,3511.83,147922.43,128653.74,3511.83
494,4652.63,86039.63,113040.95,4652.63
495,4147.08,82508.49,108568.63,4147.08
496,6095.04,83350.29,163866.44,6095.04
497,3460.85,119560.48,135695.99,3460.85
498,4136.51,138445.38,110612.5,4136.51
499,4860.83,134466.07,126104.36,4860.825
500,6857.94,112235.76,177179.66,6857.94
